110000
101101
101101
101101
101101
101101
101110
110001
111000
110110
110101
110101
110101
110110
110111
111001
1000110
1000000
111011
111010
111010
111101
1000011
1001000
1010100
1010000
1001000
1000100
1000100
1001000
1001101
1010010
1010110
1010110
1010110
1010110
1010110
1010111
1010111
1011000
1100101
1100100
1100011
1100001
1100000
1100000
1100000
1100000
1100011
1100101
1101000
1101010
1101100
1101101
1101101
1101110
1101010
1101101
1110000
1110011
1110110
1111001
1111011
1111100
10000000
10000001
10000000
1111110
1111100
1111010
1111001
1111000
10000111
10001000
10001000
10000111
10000110
10000101
10000100
10000100
10001111
10010000
10010001
10010001
10010001
10010001
10010001
10010000
10011010
10011011
10011100
10011100
10011100
10011100
10011011
10011011
10100010
10100011
10100101
10100111
10100111
10100111
10100101
10100101
10101110
10110000
10110010
10110011
10110100
10110011
10110010
10101111
10111110
11000001
11000010
11000011
11000011
11000011
11000001
10111110
11001110
11010000
11010001
11010001
11010010
11010001
11010001
11001111
